0 0.220780 0.572736 0.042893 0.061280
0 0.139057 0.111920 0.047547 0.077280
0 0.115239 0.412064 0.050830 0.072320
0 0.114101 0.583824 0.049057 0.069280
0 0.241597 0.146336 0.040252 0.069920
0 0.217824 0.419136 0.040503 0.063200
0 0.330528 0.173936 0.033711 0.061440
0 0.313421 0.567456 0.034717 0.057760
0 0.401925 0.074528 0.025660 0.059360
0 0.401912 0.201056 0.026792 0.054240
0 0.462264 0.221712 0.023522 0.050240
0 0.388805 0.562496 0.028679 0.051840
0 0.450252 0.553296 0.027044 0.048480
0 0.447208 0.437152 0.025786 0.053920
0 0.560151 0.181312 0.021132 0.047040
0 0.562038 0.280352 0.020881 0.043840
0 0.604679 0.295632 0.017862 0.047520
0 0.640591 0.307472 0.016226 0.040800
0 0.524195 0.409552 0.022050 0.046688
0 0.586000 0.417264 0.017006 0.041120
0 0.523233 0.516112 0.020126 0.043040
0 0.567698 0.515552 0.019245 0.042240
0 0.610088 0.513312 0.018742 0.041920
0 0.643358 0.511952 0.016855 0.041120
0 0.675182 0.512512 0.015597 0.039680
0 0.643384 0.421456 0.016478 0.038400
0 0.672692 0.315376 0.015723 0.037120
0 0.669358 0.232656 0.014088 0.039200
