0 0.206893 0.166864 0.045535 0.044800
0 0.087925 0.166392 0.047346 0.046320
0 0.486711 0.032544 0.046050 0.041920
0 0.323673 0.165200 0.047547 0.045440
0 0.487421 0.139344 0.045535 0.044640
0 0.603434 0.140752 0.045660 0.044320
0 0.655434 0.033888 0.044780 0.043840
0 0.718799 0.140112 0.050629 0.047968
0 0.838013 0.141464 0.046289 0.045456
0 0.837296 0.032224 0.043522 0.043840
0 0.952050 0.141216 0.044654 0.042080
0 0.043283 0.307056 0.046541 0.044800
0 0.106459 0.414144 0.045648 0.044800
0 0.228553 0.305584 0.047296 0.047040
0 0.229560 0.414288 0.047044 0.043360
0 0.345396 0.415248 0.047673 0.045760
0 0.465396 0.336640 0.044780 0.044480
0 0.461648 0.446272 0.045786 0.044960
0 0.577648 0.339360 0.044654 0.041920
0 0.578126 0.444720 0.047421 0.046720
0 0.699673 0.447840 0.048931 0.047040
0 0.816189 0.446752 0.047547 0.046080
0 0.928308 0.339016 0.045170 0.043376
0 0.930950 0.446320 0.046050 0.046240
