0 0.302050 0.191264 0.019874 0.051360
0 0.492604 0.228944 0.037233 0.070240
0 0.742780 0.173280 0.073182 0.112128
0 0.303245 0.090712 0.018365 0.050736
0 0.595931 0.366432 0.050805 0.079360
0 0.316069 0.418320 0.019258 0.044800
0 0.360654 0.410560 0.020881 0.051360
0 0.410220 0.398400 0.028189 0.053600
0 0.492604 0.384416 0.036604 0.061440
0 0.315736 0.315184 0.016981 0.042720
0 0.382780 0.286064 0.025535 0.058720
0 0.467774 0.053024 0.032327 0.079200
0 0.397396 0.110864 0.025157 0.066240
0 0.343874 0.154864 0.019748 0.055040
0 0.739635 0.402752 0.072579 0.093120
