0 0.042642 0.513888 0.027547 0.042720
0 0.307774 0.326112 0.014843 0.029920
0 0.268277 0.316832 0.014340 0.028960
0 0.226138 0.307872 0.015849 0.034720
0 0.174000 0.297632 0.020000 0.036000
0 0.119912 0.287152 0.022516 0.040320
0 0.033182 0.291072 0.026918 0.041760
0 0.268465 0.241520 0.016604 0.031200
0 0.197899 0.221520 0.018616 0.036960
0 0.120226 0.198000 0.022013 0.041440
0 0.031170 0.197920 0.028553 0.046080
0 0.298050 0.455648 0.016604 0.036000
0 0.301824 0.528688 0.017358 0.033920
0 0.260755 0.531008 0.017987 0.033120
0 0.215094 0.533168 0.018742 0.036160
0 0.164025 0.536208 0.020000 0.034560
0 0.109119 0.539168 0.024654 0.037920
0 0.110189 0.448016 0.020755 0.036320
0 0.161950 0.452096 0.018365 0.033920
