0 0.829962 0.133200 0.031572 0.065920
0 0.951145 0.076400 0.025786 0.060640
0 0.957686 0.207840 0.021761 0.059200
0 0.985107 0.392720 0.022767 0.057760
0 0.961648 0.523280 0.022642 0.053600
0 0.227748 0.558312 0.071296 0.098928
0 0.404994 0.389488 0.057358 0.094240
0 0.402906 0.616160 0.058868 0.090720
0 0.528616 0.398656 0.048428 0.084960
0 0.532748 0.601552 0.046780 0.080800
0 0.645824 0.593472 0.040881 0.072960
0 0.739962 0.584544 0.033082 0.064640
0 0.817321 0.578336 0.030314 0.064960
0 0.810723 0.419504 0.031082 0.066880
0 0.665572 0.069952 0.038491 0.082400
0 0.753805 0.106000 0.033723 0.073280
