0 0.880667 0.522400 0.014717 0.050880
0 0.754824 0.164992 0.023006 0.070080
0 0.619145 0.045872 0.031195 0.086240
0 0.875006 0.120448 0.016478 0.059040
0 0.847258 0.392848 0.019748 0.055200
0 0.782226 0.382128 0.019245 0.063200
0 0.880855 0.237552 0.013208 0.056160
0 0.848031 0.220192 0.016465 0.061440
0 0.806648 0.196192 0.018755 0.067200
0 0.181478 0.349008 0.083535 0.129216
0 0.188943 0.667696 0.088075 0.134080
0 0.377013 0.644360 0.061270 0.111440
0 0.508025 0.619816 0.044528 0.092336
0 0.603748 0.601008 0.034465 0.079040
0 0.596981 0.397328 0.033082 0.079200
0 0.758403 0.530648 0.021006 0.064144
0 0.810918 0.526480 0.018868 0.057760
0 0.846516 0.524960 0.016855 0.056640
