0 0.938170 0.079008 0.026151 0.049120
0 0.972164 0.154048 0.031774 0.052640
0 0.909119 0.191328 0.028428 0.050080
0 0.855836 0.136528 0.025535 0.045120
0 0.854113 0.221040 0.022516 0.042240
0 0.892541 0.365048 0.025912 0.040336
0 0.836440 0.376480 0.022138 0.036320
0 0.953421 0.449472 0.027925 0.041600
0 0.889522 0.452672 0.024906 0.037440
0 0.836000 0.456112 0.022264 0.035360
0 0.788164 0.205136 0.019623 0.039680
0 0.784704 0.275136 0.019497 0.038240
0 0.750805 0.292976 0.015346 0.033280
0 0.760767 0.374672 0.014465 0.029280
0 0.759887 0.442832 0.013962 0.032160
