0 0.942145 0.063584 0.055006 0.080576
0 0.814654 0.120784 0.040881 0.068480
0 0.724780 0.134224 0.035346 0.053600
0 0.647975 0.070240 0.029434 0.048160
0 0.554478 0.131560 0.021836 0.044432
0 0.970597 0.389728 0.058805 0.063040
0 0.839434 0.274352 0.046541 0.058720
0 0.838472 0.402224 0.047686 0.051840
0 0.702314 0.339312 0.033208 0.044960
0 0.699673 0.445472 0.032453 0.042560
0 0.648264 0.169376 0.032075 0.047360
0 0.625736 0.451472 0.029308 0.039840
0 0.564667 0.454192 0.023899 0.038880
0 0.580390 0.200016 0.027673 0.041760
0 0.532541 0.224880 0.021761 0.041760
0 0.489208 0.171200 0.019874 0.037760
0 0.488704 0.246640 0.018365 0.032800
0 0.517761 0.379312 0.023270 0.042400
0 0.474994 0.386672 0.018994 0.034080
0 0.474428 0.459712 0.020126 0.036160
0 0.514679 0.455792 0.020126 0.035360
